294597
295071
295173
295970
294953
294985
294640
294652
294460
294097
295053
294727
294891
294791
294992
295674
294339
295152
294737
294970
294585
295093
295046
295257
294409
294918
294944
295573
294160
295079
296157
294592
293890
294577
295429
294673
294996
295118
294405
294966
295282
294589
294377
294523
295192
295567
294512
294762
294392
294502
295035
295028
294761
294770
294818
294402
295456
294524
294368
294824
294631
294980
294317
294650
294403
295612
295030
295146
295385
295391
294670
295170
295161
294960
294703
294222
294643
295146
294848
295523
294904
295098
295405
294337
294627
294914
294915
294952
294868
295194
295124
294440
294388
294851
294958
295168
294911
295390
295193
294794
294592
295037
294452
294896
294360
294645
295694
294901
295913
295520
294669
295726
294258
295189
294340
294330
293783
294894
295303
295619
294078
295144
295480
294621
295267
295827
294542
295054
293893
295129
295165
294661
294874
295086
294843
295039
294407
294276
294209
294542
294864
294377
295380
295274
294773
294816
295308
295308
294326
295128
295720
295201
294429
294800
294688
295630
294820
295273
294711
294819
294610
294739
294799
295226
294815
294535
295325
294768
295424
295094
296233
294668
295229
294793
293865
294884
294739
295038
295590
295698
295039
294255
295085
295209
295452
294796
294846
294688
294142
295265
295058
295051
294543
294629
295556
294311
294964
295297
294772
294886
293845
295273
295217
295658
294088
294919
294702
294942
295626
295144
295313
294859
294580
294955
294887
294801
295691
294885
295126
294667
294936
294618
295368
295445
294636
294813
295661
294741
295291
295057
295050
294802
294657
294755
294414
294342
294143
295616
295089
294380
295104
294983
294532
295149
294782
295234
294251
294828
294455
295005
295200
294823
295292
294265
295483
293683
294864
294853
294823
294286
294772
294441
295321
295220
294962
295039
294419
294582
294596
294825
295699
295188
294561
295088
294835
294985
293914
294188
295589
295438
294657
294609
294218
295091
294858
294720
294246
295629
294939
295275
295000
295046
294237
295268
294315
295314
294392
294715
295411
294198
294635
295049
295025
294539
295052
295281
295336
295234
295145
294835
295005
294677
295194
295657
295080
294247
295423
294332
294391
295128
295283
295137
294755
295147
295449
294950
294882
295089
293996
294407
295195
295331
295400
294937
294814
294798
294451
294971
294673
294781
294444
294792
294992
294833
293689
294392
294351
295261
294901
294429
294064
295638
294187
295168
294838
295006
295334
295115
294965
295372
294735
295261
295395
294186
295096
295100
295095
295023
294373
295681
294442
294377
295469
294995
295644
294899
295277
294990
295315
295399
293848
295049
295076
294458
295542
294517
294830
296470
294853
295064
293862
294857
295388
295146
294690
294959
294607
294835
294924
295421
294931
295141
294999
294462
295213
295133
294552
294815
294490
294310
295181
294996
295920
295051
295194
295366
295221
295204
294876
294712
294736
295500
295219
294917
294939
294770
294984
294889
295293
294940
295301
294784
294681
294564
295694
294869
295963
295319
295052
293809
294977
294900
295135
294957
294086
294425
295569
294383
295482
294942
295011
295588
295334
295117
295201
294967
294828
295199
295213
294444
294800
294611
295093
294970
294876
294941
295491
295496
294880
295269
294873
295857
294926
294948
294958
294256
294595
295189
294934
295348
295140
294873
294868
294204
295006
295243
294183
295024
294509
294980
295504
293981
294893
295572
294981
294966
294281
294686
294548
294745
295340
294977
293791
294473
294819
295263
294669
294887
294669
294513
295450
294263
294514
295060
294985
294770
294694
294907
294673
295123
294382
294298
294318
294978
295094
295932
294677
294393
294569
293593
294977
294363
295041
294700
295093
294717
294962
295320
293993
295151
294887
295005
295859
295464
295356
294856
295510
295154
294922
295552
295284
294789
295667
294565
294565
295493
294525
294814
294912
295139
294389
293906
294992
294678
294625
294618
294630
294569
295512
295147
294581
295092
295841
294940
294445
294120
295692
295674
294592
294989
294767
295422
295538
294975
294432
294101
295421
294455
294329
294777
295381
294686
295156
294847
294242
295390
295660
294738
294557
296076
295446
295083
295090
294526
295225
295655
294107
295582
295279
294392
294958
294330
294140
294544
294820
293989
294964
295197
294234
295322
295100
295372
295105
293841
295445
294860
295085
294833
294044
295013
294807
294133
294418
294610
294390
295053
295325
295137
295021
294522
295443
294265
294986
294745
294435
294476
294678
294562
294572
295430
295162
295246
295265
294521
294434
294544
294515
295813
294857
295361
294393
295146
295340
294676
294404
294809
294996
295303
294353
295872
294921
294893
294224
294604
295147
295444
294988
294183
294595
295334
294654
294857
295313
294744
294729
294993
294872
295304
295147
295033
295558
295049
294993
294976
294890
295298
294581
294902
294469
295312
293799
295178
295409
295904
294562
294495
295277
294372
295217
294488
295261
294289
294922
295601
293619
294569
294731
294931
295592
294180
294656
295221
295063
295274
294251
295232
294775
294254
294712
295367
294990
294804
294831
294760
295465
294816
293798
294648
293597
294645
294587
295403
294150
294888
294413
294924
295006
294798
294761
295349
294561
294163
294728
295159
295108
294277
294035
294502
294536
294696
294460
294284
294414
294988
294413
294422
295066
295296
295319
294315
295041
293879
294640
294998
295131
294665
294814
294825
294596
294575
295234
294824
294668
296025
295172
294702
294350
295395
295162
295071
295535
295144
294955
295811
295039
294356
295349
295014
294574
294031
295397
295255
294214
294346
295257
295105
295255
294660
294838
294147
295060
294140
294565
294660
294695
294271
295176
294982
294595
293926
294141
293996
295809
294779
295751
294856
294860
295218
295713
295304
295948
295095
294766
294859
294786
296335
294597
295430
295710
294741
295840
295104
295112
294624
294025
294660
294536
295490
295687
295247
294385
294989
295320
294697
294573
295448
294691
295113
294527
294741
295272
294419
295001
294622
295164
294639
294877
294692
294781
294609
295148
294642
294158
294307
295133
295141
294972
294512
294410
294876
295040
295614
294673
294810
294210
295663
294909
294920
295474
293708
294254
294693
295196
295294
294641
295288
294801
295036
294335
294748
294086
294697
294846
295074
294339
295004
294264
295105
294109
294237
295616
294605
294568
295107
295294
294703
295252
295383
294881
295213
295012
295259
294417
295202
294716
294807
295356
294503
294500
294648
295079
295722
295151
294842
294172
294935
294598
294139
295217
295104
294121
295147
295339
295301
294751
295067
294501
294167
294840
295109
295054
294894
294352
295411
295655
294052
295077
295108
294025
295161
294763
294987
293947
295498
295354
295410
294142
294681
294493
294690
294928
295704
294908
295538
294488
294677
294159
295614
295687
295680
294033
294758
295491
294232
294035
294734
294887
295716
294567
294604
295089
294186
293944
295149
294326
294939
295172
295299
294787
294400
