1105.98
1128.72
1111.54
1242.48
1153.25
1116.61
1114.81
1244.76
1037.32
995.192
1089.8
1032.04
1251.75
1185.68
926.105
927.732
1002.32
1219.9
1195.71
1093.04
1105.06
1175.48
1130.29
1151.51
1336.94
1093.6
1109.73
1162.23
1118.59
1051.95
1189.63
1132.54
1174.14
1107.29
1120.16
1045.69
1076.94
1229.29
1085.45
1150.89
1215.66
1111.69
1118.73
1215.37
1241.22
1030.6
1204.24
1158.34
1047.41
1067.15
1155.08
1081.19
1084.31
1123.86
1228.51
1170.38
1056.13
1121.6
1099.81
1170.37
1135.54
1164.64
1113.56
1127.18
1137.82
1156.5
1153.64
1135.23
1168.16
1100.05
1087.62
1186.99
1079.17
1229.89
1215.01
1056.23
1059.81
1146.6
1114.45
1146.08
1049.49
1238.6
1092.56
1089.13
1021.81
1085.37
1221.06
1171.24
1109.08
1005.69
1106.2
1076.41
1123.11
904.513
1077.19
1079.16
1072.65
1033.92
1057.32
1172.05
1097.6
1190.61
1216.01
1227.19
1117.66
1261.76
1065.37
1121.75
1146.06
1178.12
1119.78
1219.65
1016.64
1233.37
1119.46
1181.16
1158.16
1124.64
1122.13
1138.44
1014.57
1054.69
1059.87
1174.89
1034.8
1175.87
1280.3
1154.41
1136.73
1126.04
1146.52
1072.86
1167.62
1066.79
1132.37
1135.61
1005.01
1152.38
1137.02
1038.39
1185.5
1190.46
1120.78
1069.02
1032.23
1148.08
1152.22
1127.69
1219.97
1154.37
1172.64
1146.89
1189.53
1162.3
1201.06
1068.78
1243.2
1148.64
1142.1
1110.27
1113.6
1197.71
1161.02
1069.75
1141.75
1190.5
1122.02
1266.73
1131.29
1125.22
1259.89
1206.2
1121.88
1088.52
1080.13
1240.03
1110.23
1129.54
1063.9
1300.84
1145.35
1127.5
1256.41
1033.53
1222.46
1110.53
1112.49
1210.53
1146.81
1167.54
1212.03
1098.62
1203.26
1233.61
1002.62
1187.8
1076.04
933.656
1319.21
1062.41
1075.76
1099.73
988.333
1116.87
1181.96
1160.99
1161.48
1069.25
1097.74
1153.55
1190.17
1182.34
1074.66
1050.19
1112.41
1268.16
974.009
1047.71
1258.05
1155.65
1104.58
1151.18
1230.87
1019.72
1100.77
1032.78
1161.94
1104.02
1014.07
1041.26
1248.48
1173.4
1047.54
1194.9
1098.43
1132.53
1176.99
990.323
1155.77
1195.39
1138.55
1040.71
1185.72
1190.14
1165.75
1159.34
1203.4
1129.11
1031.12
1227.94
1175.63
1141.73
1109.3
1027.47
1191.47
1138.49
1046.23
1092.76
1096.34
982.214
1147.5
1150.06
1160.81
1021.76
1183.88
1199.84
1250.86
1117.97
1239.1
1103.21
1201.76
1255.3
973.117
1026.74
1052.21
1171.37
1141.1
1136.52
1118.94
1097.21
1132.12
1138.78
1085.76
1016.82
1382.83
1074.98
1147.19
1274.33
1180.16
1111.51
1216.24
1159.74
1149.42
1178.12
1127.28
1152.63
1061.31
1128.87
1116.43
1157.17
1152.43
1206.08
1273.23
1303.75
1281.96
1241.05
1037.08
1277.75
1194.85
1192.62
1169.72
1141.17
1155.17
1278.53
1340.2
1109.86
1013.01
1186.44
1163.29
1155.08
1201.57
1207.56
1258.06
1126.1
1101.16
1090.93
1153.32
1090.18
1136.58
1111.25
1167.74
1123.55
1133.38
1197.3
1166.03
1103.54
1192.42
1142.7
1095.42
1245.49
1111.08
1000.97
1142.59
1199.07
1200.77
1147.79
1187.78
1217.25
1133.3
1188.95
1126.43
1122.64
1026.8
1075.09
1162.33
1201.02
1293.23
1117.29
1142.25
1145.06
1027.57
1191.03
1151.21
1153.86
1138.24
1040.74
1061.91
1288.26
1072.29
1202.9
1128.66
1187.71
1085.96
1115.99
1078.24
1202.86
1132.05
1075.62
1128.59
1170.81
1065.34
1165.31
1014.07
1062.47
1091.83
1099.78
1012.54
1038.26
1099.39
1202.74
1190.43
1323.65
1198.29
1106.75
1056.67
1022.12
1155.88
1221.92
1158.75
1086.35
1181.48
1081.37
1177.79
1106.25
1061.21
1185.73
1089.52
1086.91
1167.89
1153.09
1201.4
1080.31
1222.84
1068.57
1184.7
1127.5
1134.55
1070.85
1027.67
1001.5
1052.33
1186.18
1107.98
1076.85
1193.79
1300.51
1192.69
1236.25
1143.91
1119.23
1045.06
1009.45
1150.45
1063.43
1134.38
1228.11
1071.64
1024.38
1100.83
1220.72
1033.77
1207.74
946.627
1138.14
1140.56
1142.75
1119.59
1205.08
1162.82
1179.13
1222.63
1114.03
1207.12
1275.22
1124.81
1050.99
1156.04
1237.45
1273.29
1166.12
1058.89
1084.02
1066.4
1193.47
1131.55
1106.94
960.516
1168.26
1051.44
1110.22
1139.22
1106.88
1153.66
1196.95
1196.71
1208.35
1147.02
1139.09
1148.92
1175.48
1179
1141.11
1165.09
1077.08
1205.04
1150.11
1058.75
1066.64
1098.5
1113.09
1039.73
1055.74
1067.95
1203.86
1153.63
1085.09
1094.49
1111.67
1025.2
1115.15
1013.71
1052.89
1230.04
1221.48
1167.1
1162.43
1146.16
1156.25
1055.86
1119.79
1135.36
1097.6
1191.26
1118.24
1116.26
1156.17
1213.09
1058.85
1175.99
1168.68
1083.41
1167.77
1175.34
1118.13
1149.21
1186.88
1210.63
1247.13
1132.4
1193.79
1094.34
1136.78
1185.36
1014.6
1054.01
1068.88
1129.17
1254.26
1113.98
1241.55
1126.34
1034.69
1166.92
1072.78
1178.73
1113.82
1082.95
1088.59
1098.22
1027.56
1143.74
1255.67
1128.22
954.022
1061.66
1099.74
1109.09
1024.92
1182.94
1173.01
1165.27
1268
1132.5
1183
1018.44
1054.17
1091.16
1148.01
1013.31
1253.24
1161.63
1107.02
1072.42
1124.75
1029.16
1112.55
1204.94
1113.57
1136.76
1121.94
1177.82
1164.17
1112.72
1193.78
1018.67
958.07
1049.49
1088.6
1107.02
1112.62
1135.96
1096.17
1007.16
1087.02
1059.57
1150.39
1083.75
1006.46
1173
1008.02
1222.22
1057.52
1071.05
1143.06
1157.79
1169.02
1091.39
1065.76
1129.06
1182.84
1088.79
1277.43
1084.57
1206.96
1235.83
1081.77
1249.03
1167.76
1096.47
1260.29
1047.22
1047.09
1111.03
1168.52
1216.69
1090.27
1077.81
1033.12
1138.08
1186.25
1173.42
1135.61
1047.97
1119.47
1219.36
1037.69
973.864
1107.28
1061.33
1144.97
1072.97
1102.72
1253.64
1185.55
1008.77
1127.49
1082.35
1182.33
1234.13
1122.43
1044.57
1215.48
973.686
1168.73
1129.43
1064.46
1016.76
1126.5
1274.37
1167.7
1164.7
1260.94
1080.85
1096.14
1019.54
1070.4
1060.49
1179.69
1218.24
1166
1160.44
1245.17
1132.26
1216.69
1214.72
1125.37
1117.52
1084.38
1201.23
1091.88
1009.92
1122.73
1126.82
1107.48
1192.87
1095.03
1120.2
1140.93
1057.66
1019.33
1170.18
1161.13
1340.63
1184.16
1109.97
1259.9
1118.77
1215.52
1052.37
1037.12
1101.74
1004.71
1201.47
1080.89
1262.81
1201.85
1109.81
1139.65
1113.44
1264.53
1094.57
1083.02
1058.84
1141.37
1214.37
1030.17
1159.7
1006.93
1039.68
1186.24
1188.04
1065.37
1077.85
1022.6
1130.72
1223.45
1111.18
1079.25
1196.83
1119.39
1171.54
1165.12
1230.58
1173.4
1213.61
1151.16
1078.06
1096.39
1205.54
1128.7
1147.04
1100.9
1004.21
1056.71
1229.56
1189.93
1274.93
1147.08
1118.65
1096.67
1013.19
1147.54
1112.42
1113.16
1198.39
1065.93
1232.22
1230.54
1116.29
1127.5
1131.89
1200.68
1171.68
1164.92
1055.43
1213.01
1164.87
1224.52
1234.02
1130.72
1135.76
1148.77
1019.74
1267.01
1174.47
1112.01
1201.83
1115.11
1121.3
1094.61
1149.38
1181.79
1114.25
1083.95
1159.86
1129.02
1216.21
1265.56
1177.62
1122.69
1078.94
1149.73
1089.14
1150.49
1173.26
979.271
1025.69
1173.59
1190.58
1166.57
1046.39
1131.09
1191.61
1098.6
1106.26
1191.46
1157.66
1170.23
1096.97
1115.26
1106.42
1060.86
1143.98
1115.57
1237.08
1093.78
1218.4
1060.63
992.469
981.907
1183.57
1178.28
1250.17
1280.69
1206.59
1136.1
1111.33
1094.24
1115.06
1244
1123.25
994.907
1132.95
1078.05
962.436
1129.99
1072.58
1192.05
1242.82
1214
1029.74
1019.96
1098.68
1137.97
1172.15
1095.26
1095.49
1194.06
1106.71
1123.76
1161.71
1195.28
1236.44
1108.91
987.445
1110.42
1156.27
1048.72
1121.35
1051.07
1149.5
1112.52
1170.73
1163.81
1276.73
1090.34
1246.23
1178.21
1143.53
1218.3
1134.89
1264
1030.87
1217.25
1088.2
1177.04
1170.97
1165.03
1197.85
1126.17
1122.5
1112.03
1098.76
1212.69
1126.54
1121.97
1264.9
1183.51
1056.13
1063.71
1154.43
1287.36
1230.43
1130.04
1111.33
1163.68
1238.48
1291.32
1129.18
1180.05
1191.42
1218.19
1259.84
1174.87
1210.37
1114.56
1164.06
1079.14
1111.41
1155.1
1101.96
1246.54
1205.81
1028.72
1149.47
1173.03
1167.48
1053.53
1338.29
1147.97
1181.52
1132.3
1105.16
1128.14
1160.33
1095.74
1218.93
1110.75
1083.08
1112.24
1149.15
1042.55
1139.53
1199.86
1089.73
1076.47
1022.1
1184.12
996.346
1079.83
1082.92
1058.32
1099.59
1323.72
968.162
1109.78
1118.49
1226.19
1158.9
1211.2
1250.57
1038.5
1162.22
1054.71
1179.06
1118.98
1105.59
1050.55
1124.6
1146.63
1178.33
1180.13
1192.01
1025.97
1169.37
1124.49
1005.48
1161.92
1245.14
1182.17
1119.4
1124.05
1061.81
1162.22
1045.58
1198.36
1220.91
1100.27
1113.43
1273.48
1127.84
1138.94
1119.13
1062.44
1060.94
1176.32
1277.14
1098.51
1158.47
1154.67
959.137
1121.98
1104.3
1089.1
1104.83
1050.56
1121.9
1068.14
1118.32
1171.21
